time,x,y,z,phi,theta,psi,x_velocity,y_velocity,z_velocity,phi_velocity,theta_velocity,psi_velocity,rotor_speed1,rotor_speed2,rotor_speed3,rotor_speed4
0.06,-7.06759428056e-07,6.4234806087e-07,10.0058549825,0.000468831134477,0.000505301343779,0.0,-5.73382634654e-05,5.25298007859e-05,0.195152210761,0.0200814838017,0.0214362501245,0.0,466.02973855509595,467.70189610802566,464.5751406437067,466.14667921100687
0.12000000000000001,-2.38162892196e-05,2.4998336826e-05,10.0262556639,0.0030770718894,0.00186482438313,0.0,-0.000885157102789,0.00103403003138,0.484792125131,0.069713640374,0.0249977096039,0.0,492.95342226094675,493.216459522925,492.0566563807669,495.71731228076266
0.18,-0.000122376120532,0.0001682004572,10.0585951851,0.00776214138614,0.00388313321173,0.0,-0.00258581164028,0.00420086973706,0.593138788947,0.0910308844237,0.0469143316482,0.0,438.7609838217749,440.57694831698853,439.05875781625446,440.8283058581107
0.23999999999999996,-0.000377450463209,0.00061859923342,10.0991356915,0.0128600508251,0.00698888362169,0.0,-0.00624830605266,0.0114055894293,0.758108779822,0.0686806140017,0.0600235794033,0.0,456.13694054525257,457.18410377963,459.12500383926647,457.3540915065197
0.3,-0.000923044467338,0.00160756039824,10.1492639647,0.0175715285616,0.01053347273,0.0,-0.0123307712286,0.0220498970738,0.912712191998,0.0931950213774,0.057112517856,0.0,454.6429533583729,454.41204584328665,453.55157472556755,455.5204887489486
0.36000000000000004,-0.00189561749756,0.00331838501293,10.2072066441,0.0227395591222,0.0136131952511,0.0,-0.0204258742967,0.0355357549567,1.01860655846,0.065743761132,0.0360795062358,0.0,440.79723224516096,439.0575253344491,440.566261184353,438.2968970808558
0.4200000000000001,-0.00344283415421,0.00598914292246,10.273614719,0.0264866738649,0.0156901875849,0.0,-0.031386193763,0.0539221875083,1.19481368454,0.0548897996616,0.031517846813,0.0,461.7064357014347,461.3468974321378,462.0751380721912,461.22143028109946
0.48000000000000015,-0.00564031409846,0.00975546415015,10.3472277789,0.0300559361041,0.0176469171449,0.0,-0.042048220586,0.0719527615937,1.2588732447,0.0673798610781,0.0347151661603,0.0,426.9493424144848,427.2224685672457,426.18471467778926,427.2534289211392
0.5400000000000001,-0.00844751706176,0.0145580369784,10.4208543537,0.0341960989191,0.0198340127236,0.0,-0.0516928757706,0.0884532910101,1.19540101809,0.0720639222502,0.0397152993274,0.0,383.37733465838096,383.8529188797652,382.8132377624859,383.2630845894946
0.6000000000000002,-0.012030414721,0.0206957325536,10.4986321052,0.0388641081583,0.0223761797457,0.0,-0.0680214630957,0.11665651,1.39693944053,0.0873256046664,0.0472084572779,0.0,469.0148924294116,469.59730349871904,469.3602023194636,470.54741293232155
0.6600000000000003,-0.0164799477196,0.0283348323733,10.5808380483,0.04444561741,0.0255789561574,0.0,-0.0805390415426,0.138412384061,1.34329861449,0.102498335746,0.0635046672881,0.0,387.25209850735064,388.78411649452806,385.9666783666825,387.4044842373193
0.7200000000000003,-0.0219219537832,0.0376954331463,10.6669227959,0.0509005272184,0.0297498710937,0.0,-0.10131400866,0.174317622945,1.5259170825,0.116180878791,0.0794200773694,0.0,463.69158411593685,464.9434403146388,464.1197071218834,465.2017645346615
0.7800000000000004,-0.028607684323,0.049187594923,10.7605954931,0.0582840677338,0.0344694712694,0.0,-0.122004479452,0.209450851171,1.59635314018,0.134121189521,0.077095781402,0.0,430.6040028198838,430.41251425652547,429.07476455277487,430.60906995858244
0.8400000000000004,-0.0366869510557,0.0630369460819,10.8601535224,0.0664603904788,0.0389935508236,0.0,-0.147783209267,0.253039208415,1.72198939851,0.140255580944,0.071778888604,0.0,448.52455646264394,448.09698324408185,447.5277259871936,448.0437031989456
0.9000000000000005,-0.0465539390623,0.0799258896994,10.9708694526,0.0753194692397,0.0429583333933,0.0,-0.181617624625,0.310966546321,1.9680434907,0.159379612355,0.0511373465126,0.0,486.11125759755794,484.5648829821037,483.2007792299431,484.6584332457964
0.9600000000000005,-0.0583172659289,0.100113294396,11.0911091526,0.0848426877124,0.0462975890627,0.0,-0.210803505069,0.362866690419,2.03972061031,0.157369813783,0.0634263095564,0.0,431.777341325334,432.81495790196146,432.9538526542147,432.809375640347
1.0200000000000005,-0.0717950739356,0.123407443626,11.2133875764,0.0941242508731,0.0504044179203,0.0,-0.23880283165,0.414412180973,2.03613070845,0.148722897142,0.0769582100527,0.0,408.5223650225053,409.7310590595695,407.37589492797986,406.62698516130473
1.0800000000000005,-0.0872607618706,0.150389461515,11.3399536554,0.102507442736,0.0549834797407,0.0,-0.277208979207,0.485911273152,2.18232853307,0.107763535476,0.0750056639021,0.0,457.2463449163275,457.095198465759,458.04602545127653,454.79368404772094
1.1400000000000006,-0.105100492655,0.181775811938,11.4747036672,0.10921131602,0.0596586343969,0.0,-0.317923897046,0.560962418668,2.30896339932,0.118668976078,0.0831855486072,0.0,452.16524891911536,452.8284103631879,450.2770661973167,451.169210871266
1.2000000000000006,-0.12529240125,0.217457276609,11.6138551777,0.11621690814,0.0647242459287,0.0,-0.355593705621,0.629040138933,2.32925296656,0.112642860109,0.0867990669334,0.0,417.32118430208567,417.64280846827745,419.0194806212955,418.5084104027256
1.2600000000000007,-0.148028120108,0.257685444625,11.7570628422,0.122836424093,0.0700285463501,0.0,-0.40279880868,0.712551154114,2.4439404653,0.105237470154,0.0914355950514,0.0,448.6566467351754,449.0393263178285,449.6503984110797,449.06069038204123
1.3200000000000007,-0.173696770329,0.303037181418,11.9069393618,0.128559455801,0.0753640154244,0.0,-0.453368180523,0.79976823054,2.55154446127,0.0526938405746,0.083362960544,0.0,448.09127750347557,447.44106323771695,449.8295635563377,445.5609771453198
1.3800000000000008,-0.202652949003,0.353964727691,12.0650966552,0.131504528634,0.0803581092998,0.0,-0.512371919008,0.89808438534,2.71983908609,0.0406623714495,0.0829777022184,0.0,467.96825342736145,467.94353119811814,466.97092145294096,466.0328099305159
1.4400000000000008,-0.234908580388,0.410276822241,12.2290040531,0.134319211673,0.0854078474036,0.0,-0.563270147931,0.979191831306,2.7435711826,0.0571425642164,0.0864306238563,0.0,422.06846387914356,422.3725653610347,422.0999859647173,423.5212299780283
1.5000000000000009,-0.270584212613,0.471926156613,12.3974175449,0.137564226196,0.0909691688219,0.0,-0.626465811741,1.07606536636,2.86974252882,0.0471332909541,0.102928639772,0.0,455.76228423289484,457.0858675002804,455.6787708262138,454.87977936269783
1.560000000000001,-0.310493867301,0.539923347125,12.5767866071,0.140498529813,0.0969937729772,0.0,-0.704549667703,1.19073270562,3.10840092217,0.0522309107207,0.0948307515894,0.0,490.68606560711567,490.0921860954958,490.31172790480286,490.6915268695778
1.620000000000001,-0.354852374773,0.614316768106,12.766564848,0.143189391156,0.102587630778,0.0,-0.774623857552,1.28927157693,3.21705982104,0.0229344507173,0.0898250353482,0.0,454.0145125867704,453.6198458910415,453.62850127779586,451.27079273188417
1.680000000000001,-0.403526253495,0.694654808561,12.9627712896,0.144310634038,0.108165245228,0.0,-0.848375372171,1.38870230427,3.32269281922,0.0084441510445,0.0985866535476,0.0,452.3034774585675,453.0156692045286,454.2841587159427,453.12066874701077
1.740000000000001,-0.456820570992,0.781068948115,13.1659715789,0.144897524889,0.114299730556,0.0,-0.928703499424,1.49171789065,3.45010054695,0.0123304047342,0.10869413194,0.0,460.47062589470596,461.2781489604562,460.8058437740494,461.11283639189617
1.8000000000000012,-0.51463914273,0.873130258577,13.3731116804,0.145489581944,0.120717786854,0.0,-0.999154704242,1.57699568576,3.45440590447,0.00442065878412,0.103272742844,0.0,423.2999681331724,422.8438090062447,422.3379899669661,421.65506001427514
1.8600000000000012,-0.577170137739,0.970745593429,13.5834789074,0.145602302326,0.12668551672,0.0,-1.08580095179,1.67675953832,3.55733649075,-0.00376395502948,0.0904850118822,0.0,455.47765956200465,454.46195871547724,455.07860941521113,454.42293192223747
1.9200000000000013,-0.645268288202,1.07461283303,13.8018796698,0.145959078171,0.132698085827,0.0,-1.18471505219,1.78534747574,3.72195283515,0.0204724905763,0.114742315745,0.0,473.1604110077351,475.0320245653439,474.5394673559815,476.39633316881736
1.9800000000000013,-0.719429934399,1.18498015394,14.0300156598,0.147226525889,0.139599123858,0.0,-1.28803150676,1.8935464571,3.88177773494,0.0223964423511,0.115561176071,0.0,474.50064270213176,474.574395321655,475.20461939383415,475.35204975144984
2.0400000000000014,-0.799364996954,1.30125070138,14.2636344344,0.148608301014,0.146548480418,0.0,-1.37709223255,1.98217680097,3.90520780018,0.0242665848186,0.116339933297,0.0,433.1934074607342,433.27126821541935,434.227695754681,434.38462260989286
2.1000000000000014,-0.885614748229,1.42369048882,14.5042059012,0.151105115414,0.153730700659,0.0,-1.49862037518,2.09919646581,4.11275363937,0.0634844579477,0.125695703866,0.0,490.33309734874916,491.03906761546466,490.54710617182815,493.4515589568791
2.1600000000000015,-0.978592489628,1.55248977407,14.7524976867,0.155666947975,0.161205190863,0.0,-1.60131691943,2.19440381201,4.16310877994,0.0935690688476,0.122235685136,0.0,446.02528191268027,445.75662023076046,444.0934223538128,446.55882475288126
2.2200000000000015,-1.07800013827,1.68719742193,15.0044978605,0.161548367234,0.168188187813,0.0,-1.71292548737,2.29628172792,4.23621331768,0.105700183317,0.100897372595,0.0,454.94069083321017,453.2403155340784,453.5329691009257,454.51432288422814
2.2800000000000016,-1.18385034881,1.82775185703,15.2585684944,0.167470584154,0.173856050339,0.0,-1.81592783141,2.38931724013,4.23245583018,0.0786077215754,0.0767518591322,0.0,431.40207105715757,429.36580195814724,431.84867801500536,429.56540729893226
2.3400000000000016,-1.29629426098,1.97427142951,15.5141222536,0.172524298859,0.178790185848,0.0,-1.93261913914,2.49499999547,4.28542532268,0.0935925681852,0.0914070713067,0.0,450.0931514948941,451.2831160138616,448.4112468367584,449.6326875038863
2.4000000000000017,-1.41643879495,2.12778346751,15.7760354083,0.178630650297,0.183772188452,0.0,-2.07266135091,2.62249081882,4.44387804107,0.114484167176,0.0556395683236,0.0,485.19421240359065,482.50573898626817,482.8924461224362,484.47386059136375
2.4600000000000017,-1.54451340278,2.2885141458,16.0443323516,0.186328689285,0.187171481498,0.0,-2.19676518536,2.7357516582,4.4986745909,0.147065298071,0.0586111191217,0.0,454.1037359549933,454.34419033284064,452.698853963348,455.32732072551636
2.520000000000002,-1.68022143385,2.45629263991,16.3164524609,0.195258908284,0.190784363912,0.0,-2.32711530929,2.85755680746,4.57115165097,0.152159881808,0.0632418277262,0.0,461.779547177727,462.14715121941504,460.31243037257826,460.7353970956006
2.580000000000002,-1.82337863632,2.63108575897,16.59057139,0.204035734719,0.194910065292,0.0,-2.44513246583,2.96953634306,4.56564967275,0.130701586295,0.0779850060398,0.0,438.2929735942453,439.520362211767,437.69470489643464,435.92502419229896
2.640000000000002,-1.97425439228,2.81330122792,16.8670410799,0.212278473711,0.199311596515,0.0,-2.58442398833,3.10488457075,4.64902894041,0.14817607189,0.061976949283,0.0,467.03793194326425,465.79134673958936,468.102809109919,469.4770534170113
2.700000000000002,-2.13350918684,3.00371204623,17.1480964452,0.221207056271,0.202764216688,0.0,-2.7243392757,3.24278174349,4.71853255999,0.150046301999,0.0467488123803,0.0,465.9052284940716,464.7149718148194,465.278293106802,465.44441007414696
2.760000000000002,-2.30049877098,3.20176596245,17.4297778212,0.230273240983,0.205437918858,0.0,-2.84224111881,3.35963209196,4.67051518039,0.153134566348,0.03978474678,0.0,429.6270278886972,429.03724330692893,428.17151869169,428.456646073201
2.820000000000002,-2.47512960614,3.40752456936,17.7109171182,0.239525206929,0.207763321155,0.0,-2.97896104872,3.49961996129,4.70001532787,0.156245842247,0.0366175570591,0.0,455.8450458079791,455.59253476677156,454.9458515117102,455.21677696014166
2.880000000000002,-2.65713941787,3.62083888306,17.9897202154,0.248583048857,0.210346612162,0.0,-3.08831318928,3.61146152449,4.59336564356,0.137482029977,0.0535398248982,0.0,409.4423023868088,410.9465642537713,412.16307605529994,410.5242193133383
2.940000000000002,-2.84704053298,3.84244501243,18.267851622,0.256502929691,0.213628627707,0.0,-3.24194111601,3.77588453575,4.67655103035,0.117823531225,0.0569247673251,0.0,474.92855228487,475.1899354159609,474.56417003315,473.0671548847471
3.000000000000002,-3.0451388211,4.07275378807,18.5460109424,0.263848497447,0.216663275264,0.0,-3.3616655471,3.90149309306,4.59522259437,0.130321376487,0.0331963371913,0.0,423.91740980979415,421.87472635804704,421.41268193097835,422.50617961483067
3.0600000000000023,-3.2510516751,4.31136704587,18.8217494301,0.271970399645,0.21827259653,0.0,-3.50224974638,4.05273290021,4.59538210691,0.143904750654,0.00932797195431,0.0,452.33982222559865,450.4133565609615,449.46874407973996,450.5850020272094
3.1200000000000023,-3.46620754419,4.56010687501,19.1007676013,0.281031716011,0.218752114101,0.0,-3.66952498503,4.23909160873,4.70388650156,0.162392680936,0.00517621053212,0.0,487.8343689946795,487.52407813906353,484.9891528115392,486.39510293967083
3.1800000000000024,-3.69109326614,4.81977407007,19.3847819524,0.290694448294,0.21904514755,0.0,-3.82660900362,4.41704388355,4.76213540693,0.15820913422,0.00429271450395,0.0,474.1089560410256,474.04096650369473,473.80722654526255,473.5083169835345
3.2400000000000024,-3.92444943814,5.08900746739,19.6680085285,0.299868420113,0.219218232975,0.0,-3.95204815966,4.55795278431,4.67847489144,0.139324231038,-9.15321214915e-05,0.0,429.37095986916825,428.9986992069524,429.8530017153866,428.2719683185711
3.3000000000000025,-4.16573535848,5.36730676731,19.9477916841,0.308733450686,0.219060119138,0.0,-4.09084799012,4.71914531481,4.64704663865,0.160757521707,-0.00828204431717,0.0,448.9938935002357,448.3288001668287,445.8268302013648,447.5950219735492
3.3600000000000025,-4.41520960707,5.6551778332,20.2249512438,0.318142644589,0.219130456416,0.0,-4.22501608473,4.87707748533,4.59111228719,0.147489059898,0.0154058847452,0.0,439.3212818443925,441.281514788596,441.69739854760934,440.6248890594255
3.4200000000000026,-4.67281894749,5.95271717027,20.4989365596,0.327152726926,0.220001819387,0.0,-4.36208954204,5.04133541818,4.54116384984,0.155044077215,0.0126952124249,0.0,443.2850954554979,443.06212676080014,444.3956883387754,445.03582156802725
3.4800000000000026,-4.93877299213,6.26033829397,20.7702100912,0.33654586118,0.220978424766,0.0,-4.50315694567,5.21314133698,4.50061103861,0.15940620493,0.0226188666079,0.0,447.64179384876553,448.4487166694504,448.72965203439503,449.10661719581026
3.5400000000000027,-5.21275694793,6.57767746036,21.0369821228,0.346152163058,0.222329607828,0.0,-4.62986884958,5.36530589907,4.39150091647,0.161465508916,0.0223207008468,0.0,425.76673160687795,425.74126629425916,426.47460907528216,426.676033893813
3.6000000000000028,-5.49428423981,6.90408365992,21.2967095466,0.355254658563,0.223428756057,0.0,-4.75461490662,5.51536857607,4.26587360247,0.111068933164,0.00879124311339,0.0,421.11135553686324,419.9390367920098,423.47016557765306,419.1325398550809
3.660000000000003,-5.7835695116,7.23991882513,21.549799567,0.361922935335,0.224458682813,0.0,-4.88842270048,5.67934679903,4.17018689936,0.111275492949,0.030121607265,0.0,430.7901001867141,432.5904361891722,432.38757487616795,432.4162945449201
3.720000000000003,-6.08135682627,7.58629849205,21.798840202,0.36806511926,0.225826600088,0.0,-5.03800440498,5.86673510963,4.13048921751,0.0711858106913,0.00116880058133,0.0,452.5342774745718,450.1971258103805,454.8014550766255,451.5864494629045
3.780000000000003,-6.38944386851,7.94595823341,22.050632418,0.372085172143,0.226063766004,0.0,-5.23140205272,6.12151682812,4.26097361756,0.0569458621764,0.00900884284628,0.0,508.6352600578754,509.19647831415557,508.2986031275707,507.2795584562049
3.840000000000003,-6.70729776117,8.31795243709,22.3026108888,0.375688214028,0.226611961339,0.0,-5.36397758614,6.27826815367,4.13833257513,0.0656294422101,0.00939086754735,0.0,428.120906422227,428.1533004142117,427.7252433123511,428.46703343168195
3.900000000000003,-7.03362320593,8.70009130556,22.5491123294,0.379598758403,0.227258867883,0.0,-5.51370227032,6.4595641348,4.07796568548,0.0642529920374,0.0134277850136,0.0,450.21317217132474,450.539646545855,449.9079543589589,449.79953809689243
3.960000000000003,-7.36917973276,9.09342043904,22.7927589847,0.383010336111,0.228308602447,0.0,-5.67167211575,6.65118419442,4.04299075183,0.034901040672,0.0245920641695,0.0,459.8154015258114,460.699152708472,460.41474135419503,458.08790865025634
4.020000000000002,-7.71387741047,9.49758946194,23.0327027394,0.385588053638,0.229576076158,0.0,-5.81852850999,6.82087843578,3.95493567487,0.0555327431498,0.013087247944,0.0,442.59108493086245,441.6428998651481,442.4966764227341,444.1933253425409
4.080000000000001,-8.06750992674,9.91201057952,23.2675974794,0.38882836186,0.230583520727,0.0,-5.96945944708,6.99296497193,3.87459956356,0.0507614425208,0.0233240984884,0.0,445.14688245303466,445.98395384984553,446.532712044179,446.1451132025735
4.14,-8.43145104949,10.3386558797,23.5023418225,0.392468972,0.231785101609,0.0,-6.16195181828,7.22799140343,3.94882946583,0.0754296504596,0.0124451071108,0.0,498.5812166613698,497.78547961649366,496.53052079773244,498.3394795301026
4.199999999999998,-8.80676878603,10.7790126195,23.7405635015,0.397140580579,0.2327341572,0.0,-6.34867725432,7.45017440706,3.99063135803,0.0823224833171,0.0218285837523,0.0,489.7702197865593,490.46769312969303,490.6974403009083,491.2131747981429
4.259999999999997,-9.19135484361,11.2294425809,23.973474098,0.402525429372,0.233898994846,0.0,-6.47132656439,7.5643358573,3.7735752111,0.101517936848,0.0140855185526,0.0,401.9566457088272,401.2540635440843,402.5632818972572,404.3045871254863
4.319999999999996,-9.58379011914,11.6874161712,24.1949932,0.409013240638,0.234451896554,0.0,-6.61020492081,7.70157391788,3.61046764213,0.118843287821,-0.00294238028568,0.0,422.99507215328924,421.5255395577544,420.7787898865928,422.2872987563556
4.379999999999995,-9.98567629462,12.1554069699,24.4107677773,0.41556611193,0.234609769085,0.0,-6.78608640449,7.89802436568,3.58109202711,0.0705396599927,0.0119347049144,0.0,468.14600208759504,469.3024808585148,471.48700589325955,467.7478586425854
4.439999999999993,-10.3968310593,12.6329319186,24.6195989921,0.419693844096,0.235605152942,0.0,-6.91953553548,8.01951810746,3.38038575973,0.0650588749244,0.0245690944595,0.0,409.33158448759076,410.45474969320355,409.24404469111204,408.759746015016
4.499999999999992,-10.8163212434,13.1181460253,24.8173548139,0.423965025948,0.237228168973,0.0,-7.06391890284,8.15421605062,3.21164327798,0.0812507379308,0.0315999710347,0.0,420.4850464223576,421.09411842439096,419.72815046433516,421.13565182627246
4.559999999999991,-11.2454543732,13.612941756,25.0083550914,0.428891958868,0.239287309354,0.0,-7.24081661979,8.33865907681,3.15431179762,0.0837903476211,0.0392662486132,0.0,459.7792507176428,460.3868482797298,460.89810565231323,461.10403794443863
4.6199999999999894,-11.6850346669,14.1183479035,25.1949145926,0.433825468162,0.241312480554,0.0,-7.41222453345,8.50795294279,3.06381846961,0.078897335864,0.019459390539,0.0,450.7926872170578,449.18922327823634,451.5076595666532,451.1179660560223
4.679999999999988,-12.1339356668,14.6320901106,25.3721363954,0.438136999982,0.242555332038,0.0,-7.55168782149,8.61683526387,2.84406687012,0.0515671533758,0.0231123584496,0.0,403.4829694229979,403.8127861723171,404.43798254301265,401.97225597832426
4.739999999999987,-12.5925830589,15.154536989,25.5409021341,0.441005492743,0.243827043109,0.0,-7.73688038943,8.79756569556,2.78090504219,0.0389708399377,0.017055491025,0.0,460.9153440749312,460.43624204791365,460.3386081371428,459.3417436814216
4.799999999999986,-13.0622576528,15.6874654864,25.7052261285,0.443065596732,0.245178476232,0.0,-7.91931509757,8.96621640032,2.69621503102,0.0229183446717,0.0316779118666,0.0,453.48985200029625,454.6632855219399,454.38385058413564,453.09516378084714
4.859999999999984,-13.5436948712,16.2316620674,25.8670479493,0.443937909907,0.247897257677,0.0,-8.1289197844,9.1727764659,2.69687122412,-0.0129307259314,0.0639163180166,0.0,481.77514205055917,484.2081580581622,486.2741521744676,483.5803996050133
4.919999999999983,-14.0368388711,16.7864526154,26.0253476377,0.443218397134,0.251627004575,0.0,-8.30983264476,9.31954888283,2.57971529826,-0.0101773831368,0.0584030967981,0.0,446.12195539134353,445.67416460682875,444.6251336005167,444.8508510657644
4.979999999999982,-14.5415641459,17.3509095281,26.1787093922,0.442688560511,0.255373856273,0.0,-8.51486973262,9.49475007383,2.53175184208,-0.00626459658125,0.0695057775271,0.0,469.91017215963666,470.7728728353249,469.2093527850642,469.5132446381594
5.0399999999999805,-15.0588778261,17.9259783888,26.3296776203,0.442655946684,0.259076001712,0.0,-8.72944840365,9.673229605,2.49973517613,0.00896614425917,0.03764608862,0.0,477.37738817923974,474.9415404922963,476.66761951995875,477.83052257695203
